0.0072         
1.0  1.0
2.5  1.7
4.0  2.0
6.0  4.0
5.0  5.0
4.9968 6.7392
6.0624 6.912
3.8304 6.9408
4.968 6.6672
4.7664 4.5936
4.7808 1.3968
3.7152 1.5408
2.3904 1.1088
2.952 0.3168
4.9248 0.6048
7.0704 0.3168
7.0848 0.3168
9.36 0.6768
9.2736 0.2448
9.2592 0.2448
7.2144 0.9072
6.9984 2.6784
7.8624 2.8512
7.8192 4.4496
7.8336 6.1776
6.7104 6.264
7.9056 5.9184
7.3728 4.4496
8.4384 2.2608
9.0432 3.1536
8.7264 4.4784
8.7408 5.7744
9.4032 6.6096
10.3536 5.9616
10.4688 4.2192
10.3968 2.8224
10.3968 2.808
10.296 1.5264
7.848 2.448
6.7392 0.5616
5.0832 0.2448
3.2544 0.6624
0.3168 1.5408